-Ι 1111111ιμι111ι111111111.Ι 897

111111111111111, 1111111111111 11 11 1111111111· ’

· 11111,1,1111111111111ι1 1111111 1111111, 111111 1111111 ’

1111111 11111111 1111111111,111-1111111111 1111111, ’
11111 11111111111111111, 1111111111 11111111111111111·
1111111111. 111 11111, 1111 111 1111111 gloriabitur Ἰ.
1111111 ,111111111111 depravatores 111111111 11111 ’

1111111, 1111111 111111111111111111111111, 1111111 .

1111111111111111-1111 11111, quod 111111 111111- .
1111111111111111 111111111 11111, 111 11 111111 111 111·
11 ’1111 111 intelligit. 11111 11, 111111111111111,

1111 1111 11111111 11 1111111111 11111111 111. ⁴

1111 11111111, 1111 1111111 111, 11 11111111111111·
111. 11 nihil intelligant.

* 1111 11111111· 11111, 111 111 111111, 111 1111-
111111111111111111.11111111111 1111 11111111111111
11111,1111111111,1111111111111111,111111111ι,11
nup· 1111111“’ 1111 1111111111 11111 1111111, 1111-

ter 11111 ο1111111,1111ι 111 1111111111 justitia· ¹

11111111111111 ambulatorem 1111 1111111 11111 1111 ,
11111, 1111 christun 11111, qui 1111111111111 111 fe·
111, necinventus 111 11111111111111. Si 111111·
111, 1111111111, invicem 1111111111, 1111111111 ’
111111111 1111111 111111111111 1111111111111111111 -·
gluto 11111111 dividerentur, 1111 1111 1111111111 1
. conjuncta· 11111111 1111111111 1111111 11111111·
1111111111,111111 111111 11 11111111 11 1111111111.
1111113111 1111 1111111 11 1111111111 111 1111111111 ’“ .
11111 nei 11111111. · - ⁴
1111111,11 dixi, 11111111 11111111111111111, ·
11111111111111111,11 111 vitio 1111 11111111 111111 ·

1111111. Adeo 11111 111 1111111 11 1111111 11111, ’

11111111 11111111, 11 111111111111111,11111111111
1111111111111111111111, 111111 1111111111, 11111 111
vitio, 11111111 11 11111 1111111111. ·

 

